   0.00000000000000e+00
   1.87500000000000e-01
   3.75000000000000e-01
   5.62500000000000e-01
   7.50000000000000e-01
   9.37500000000000e-01
   1.12500000000000e+00
   1.31250000000000e+00
   1.50000000000000e+00
   1.68750000000000e+00
   1.87500000000000e+00
   2.06250000000000e+00
   2.25000000000000e+00
   2.43750000000000e+00
   2.62500000000000e+00
   2.81250000000000e+00
   3.00000000000000e+00
   3.18750000000000e+00
   3.37500000000000e+00
   3.56250000000000e+00
   3.75000000000000e+00
   3.93750000000000e+00
   4.12500000000000e+00
   4.31250000000000e+00
   4.50000000000000e+00
   4.68750000000000e+00
   4.87500000000000e+00
   5.06250000000000e+00
   5.25000000000000e+00
   5.43750000000000e+00
   5.62500000000000e+00
   5.81250000000000e+00
   6.00000000000000e+00
   6.18750000000000e+00
   6.37500000000000e+00
   6.56250000000000e+00
   6.75000000000000e+00
   6.93750000000000e+00
   7.12500000000000e+00
   7.31250000000000e+00
   7.50000000000000e+00
   7.68750000000000e+00
   7.87500000000000e+00
   8.06250000000000e+00
   8.25000000000000e+00
   8.43750000000000e+00
   8.62500000000000e+00
   8.81250000000000e+00
   9.00000000000000e+00
   9.18750000000000e+00
   9.37500000000000e+00
   9.56250000000000e+00
   9.75000000000000e+00
   9.93750000000000e+00
   1.01250000000000e+01
   1.03125000000000e+01
   1.05000000000000e+01
   1.06875000000000e+01
   1.08750000000000e+01
   1.10625000000000e+01
   1.12500000000000e+01
   1.14375000000000e+01
   1.16250000000000e+01
   1.18125000000000e+01
   1.20000000000000e+01
   1.21875000000000e+01
   1.23750000000000e+01
   1.25625000000000e+01
   1.27500000000000e+01
   1.29375000000000e+01
   1.31250000000000e+01
   1.33125000000000e+01
   1.35000000000000e+01
   1.36875000000000e+01
   1.38750000000000e+01
   1.40625000000000e+01
   1.42500000000000e+01
   1.44375000000000e+01
   1.46250000000000e+01
   1.48125000000000e+01
   1.50000000000000e+01
   1.51875000000000e+01
   1.53750000000000e+01
   1.55625000000000e+01
   1.57500000000000e+01
   1.59375000000000e+01
   1.61250000000000e+01
   1.63125000000000e+01
   1.65000000000000e+01
   1.66875000000000e+01
   1.68750000000000e+01
   1.70625000000000e+01
   1.72500000000000e+01
   1.74375000000000e+01
   1.76250000000000e+01
   1.78125000000000e+01
   1.80000000000000e+01
   1.81875000000000e+01
   1.83750000000000e+01
   1.85625000000000e+01
   1.87500000000000e+01
   1.89375000000000e+01
   1.91250000000000e+01
   1.93125000000000e+01
   1.95000000000000e+01
   1.96875000000000e+01
   1.98750000000000e+01
   2.00625000000000e+01
   2.02500000000000e+01
   2.04375000000000e+01
   2.06250000000000e+01
   2.08125000000000e+01
   2.10000000000000e+01
   2.11875000000000e+01
   2.13750000000000e+01
   2.15625000000000e+01
   2.17500000000000e+01
   2.19375000000000e+01
   2.21250000000000e+01
   2.23125000000000e+01
   2.25000000000000e+01
   2.26875000000000e+01
   2.28750000000000e+01
   2.30625000000000e+01
   2.32500000000000e+01
   2.34375000000000e+01
   2.36250000000000e+01
   2.38125000000000e+01
   2.40000000000000e+01
   2.41875000000000e+01
   2.43750000000000e+01
   2.45625000000000e+01
   2.47500000000000e+01
   2.49375000000000e+01
   2.51250000000000e+01
   2.53125000000000e+01
   2.55000000000000e+01
   2.56875000000000e+01
   2.58750000000000e+01
   2.60625000000000e+01
   2.62500000000000e+01
   2.64375000000000e+01
   2.66250000000000e+01
   2.68125000000000e+01
   2.70000000000000e+01
   2.71875000000000e+01
   2.73750000000000e+01
   2.75625000000000e+01
   2.77500000000000e+01
   2.79375000000000e+01
   2.81250000000000e+01
   2.83125000000000e+01
   2.85000000000000e+01
   2.86875000000000e+01
   2.88750000000000e+01
   2.90625000000000e+01
   2.92500000000000e+01
   2.94375000000000e+01
   2.96250000000000e+01
   2.98125000000000e+01
   3.00000000000000e+01
   3.01875000000000e+01
   3.03750000000000e+01
   3.05625000000000e+01
   3.07500000000000e+01
   3.09375000000000e+01
   3.11250000000000e+01
   3.13125000000000e+01
   3.15000000000000e+01
   3.16875000000000e+01
   3.18750000000000e+01
   3.20625000000000e+01
   3.22500000000000e+01
   3.24375000000000e+01
   3.26250000000000e+01
   3.28125000000000e+01
   3.30000000000000e+01
   3.31875000000000e+01
   3.33750000000000e+01
   3.35625000000000e+01
   3.37500000000000e+01
   3.39375000000000e+01
   3.41250000000000e+01
   3.43125000000000e+01
   3.45000000000000e+01
   3.46875000000000e+01
   3.48750000000000e+01
   3.50625000000000e+01
   3.52500000000000e+01
   3.54375000000000e+01
   3.56250000000000e+01
   3.58125000000000e+01
   3.60000000000000e+01
   3.61875000000000e+01
   3.63750000000000e+01
   3.65625000000000e+01
   3.67500000000000e+01
   3.69375000000000e+01
   3.71250000000000e+01
   3.73125000000000e+01
