  -8.71967124502158e-19
  -7.20660893349921e-03
  -3.60293024248269e-03
  -2.40168776493453e-03
  -1.80100156717248e-03
  -1.44053267100232e-03
  -1.20017134539139e-03
  -1.02844259170913e-03
  -8.99609068807266e-04
  -7.99372305478298e-04
  -7.19153238289233e-04
  -6.53492470985502e-04
  -5.98750409186193e-04
  -5.52407334806553e-04
  -5.12663449378549e-04
  -4.78198900403002e-04
  -4.48023797994028e-04
  -4.21381166914672e-04
  -3.97682247981847e-04
  -3.76462230633329e-04
  -3.57349265740075e-04
  -3.40042331909958e-04
  -3.24295138259735e-04
  -3.09904226467414e-04
  -2.96700047313746e-04
  -2.84540178855199e-04
  -2.73304109634866e-04
  -2.62889181180435e-04
  -2.53207399967283e-04
  -2.44182908975648e-04
  -2.35749964936527e-04
  -2.27851307078439e-04
  -2.20436831734206e-04
  -2.13462507928352e-04
  -2.06889484331382e-04
  -2.00683349307592e-04
  -1.94813514288207e-04
  -1.89252697137999e-04
  -1.83976487095537e-04
  -1.78962976645667e-04
  -1.74192448611021e-04
  -1.69647109034972e-04
  -1.65310858224067e-04
  -1.61169093737995e-04
  -1.57208540244458e-04
  -1.53417102060002e-04
  -1.49783734924576e-04
  -1.46298334145222e-04
  -1.42951636721744e-04
  -1.39735135456899e-04
  -1.36641003373312e-04
  -1.33662027022433e-04
  -1.30791547488544e-04
  -1.28023408071507e-04
  -1.25351907782432e-04
  -1.22771759912505e-04
  -1.20278055040794e-04
  -1.17866227935880e-04
  -1.15532027881408e-04
  -1.13271492019303e-04
  -1.11080921358582e-04
  -1.08956859143901e-04
  -1.06896071317385e-04
  -1.04895528841167e-04
  -1.02952391677131e-04
  -1.01063994245353e-04
  -9.92278322044498e-05
  -9.74415504157058e-05
  -9.57029319691027e-05
  -9.40098881635487e-05
  -9.23604493458641e-05
  -9.07527565238745e-05
  -8.91850536783276e-05
  -8.76556807066540e-05
  -8.61630669387579e-05
  -8.47057251714824e-05
  -8.32822461739700e-05
  -8.18912936211010e-05
  -8.05315994165743e-05
  -7.92019593711368e-05
  -7.79012292048857e-05
  -7.66283208455777e-05
  -7.53821989977582e-05
  -7.41618779598008e-05
  -7.29664186682391e-05
  -7.17949259506409e-05
  -7.06465459700764e-05
  -6.95204638457402e-05
  -6.84159014357281e-05
  -6.73321152691985e-05
  -6.62683946163210e-05
  -6.52240596853920e-05
  -6.41984599374310e-05
  -6.31909725094611e-05
  -6.22010007383085e-05
  -6.12279727775696e-05
  -6.02713403009304e-05
  -5.93305772855934e-05
  -5.84051788701087e-05
  -5.74946602813314e-05
  -5.65985558256645e-05
  -5.57164179401572e-05
  -5.48478162992899e-05
  -5.39923369737333e-05
  -5.31495816375198e-05
  -5.23191668204298e-05
  -5.15007232025995e-05
  -5.06938949485712e-05
  -4.98983390782631e-05
  -4.91137248724302e-05
  -4.83397333104672e-05
  -4.75760565385068e-05
  -4.68223973658761e-05
  -4.60784687881971e-05
  -4.53439935354859e-05
  -4.46187036436934e-05
  -4.39023400483167e-05
  -4.31946521987130e-05
  -4.24953976919324e-05
  -4.18043419248668e-05
  -4.11212577636946e-05
  -4.04459252295712e-05
  -3.97781311996653e-05
  -3.91176691226563e-05
  -3.84643387478525e-05
  -3.78179458671908e-05
  -3.71783020693797e-05
  -3.65452245055472e-05
  -3.59185356656918e-05
  -3.52980631654326e-05
  -3.46836395424292e-05
  -3.40751020619967e-05
  -3.34722925314011e-05
  -3.28750571223840e-05
  -3.22832462014724e-05
  -3.16967141676894e-05
  -3.11153192972498e-05
  -3.05389235949017e-05
  -2.99673926515549e-05
  -2.94005955079149e-05
  -2.88384045237548e-05
  -2.82806952525896e-05
  -2.77273463214785e-05
  -2.71782393156610e-05
  -2.66332586678374e-05
  -2.60922915518353e-05
  -2.55552277804430e-05
  -2.50219597072289e-05
  -2.44923821321245e-05
  -2.39663922106158e-05
  -2.34438893663617e-05
  -2.29247752070421e-05
  -2.24089534433443e-05
  -2.18963298108794e-05
  -2.13868119949197e-05
  -2.08803095578128e-05
  -2.03767338689530e-05
  -1.98759980371870e-05
  -1.93780168455213e-05
  -1.88827066880640e-05
  -1.83899855090459e-05
  -1.78997727438696e-05
  -1.74119892620391e-05
  -1.69265573119480e-05
  -1.64434004673782e-05
  -1.59624435756578e-05
  -1.54836127073809e-05
  -1.50068351076651e-05
  -1.45320391487886e-05
  -1.40591542842217e-05
  -1.35881110039406e-05
  -1.31188407909668e-05
  -1.26512760790808e-05
  -1.21853502116704e-05
  -1.17209974015835e-05
  -1.12581526920526e-05
  -1.07967519184996e-05
  -1.03367316713141e-05
  -9.87802925943594e-06
  -9.42058267475809e-06
  -8.96433055731445e-06
  -8.50921216116353e-06
  -8.05516732097008e-06
  -7.60213641921201e-06
  -7.15006035400173e-06
  -6.69888050746357e-06
  -6.24853871463696e-06
  -5.79897723287347e-06
  -5.35013871169195e-06
  -4.90196616302877e-06
  -4.45440293193444e-06
  -4.00739266756006e-06
  -3.56087929450764e-06
  -3.11480698446540e-06
  -2.66912012809686e-06
  -2.22376330716823e-06
  -1.77868126688466e-06
  -1.33381888836900e-06
  -8.89121161334242e-07
  -4.44533156807232e-07
